1.8446744073709552e+19
9.22337e+18    70
4.6119e+18    110
9.22337e+18    170
9.22337e+18    190
6.91753e+18    200
9.22337e+18    210
1.38348e+19    230
1.38348e+19    240
9.22337e+18    270
9.22337e+18    290
9.2238e+18    310
9.22337e+18    340
9.22337e+18    350
9.22337e+18    360
9.22337e+18    380
9.22337e+18    400
9.22337e+18    410
9.22337e+18    420
9.22337e+18    450
9.22337e+18    470
9.22337e+18    480
9.22337e+18    490
9.22337e+18    500
9.22337e+18    520
9.22337e+18    530
9.22337e+18    540
9.22337e+18    550
9.22337e+18    560
9.22337e+18    590
9.22337e+18    600
9.22337e+18    610
9.22337e+18    620
9.22337e+18    630
9.22337e+18    640
9.22337e+18    660
9.22337e+18    670
9.22337e+18    680
9.22337e+18    690
9.22337e+18    700
9.2238e+18    710
9.22337e+18    720
9.22337e+18    730
9.22337e+18    740
9.22337e+18    750
9.22337e+18    760
9.22337e+18    770
9.22337e+18    780
9.22337e+18    790
9.2238e+18    800
9.22337e+18    810
9.22337e+18    830
9.22337e+18    840
9.22337e+18    860
1.38348e+19    870
9.22337e+18    880
9.22337e+18    890
9.22337e+18    900
4.61169e+18    910
9.2238e+18    920
9.22337e+18    930
9.22337e+18    940
9.22337e+18    950
9.22337e+18    960
9.22337e+18    970
9.22337e+18    980
9.22337e+18    990
9.2238e+18    1000
9.22337e+18    1020
9.22337e+18    1040
9.22337e+18    1050
9.22337e+18    1060
9.22337e+18    1070
9.22337e+18    1090
9.22337e+18    1110
9.22337e+18    1130
9.22337e+18    1140
9.22337e+18    1150
9.22337e+18    1170
9.22337e+18    1180
9.22337e+18    1190
9.22337e+18    1220
9.22337e+18    1230
9.22337e+18    1240
9.22337e+18    1260
9.22337e+18    1270
9.22337e+18    1280
9.22337e+18    1290
9.22337e+18    1300
9.22337e+18    1310
9.22337e+18    1320
9.22337e+18    1340
9.22337e+18    1360
9.22337e+18    1370
9.22337e+18    1380
9.22337e+18    1390
9.22337e+18    1400
9.22337e+18    1410
9.22337e+18    1420
9.22337e+18    1430
9.22337e+18    1440
9.22337e+18    1450
9.22337e+18    1460
9.22337e+18    1470
9.22337e+18    1480
9.22337e+18    1500
9.22337e+18    1510
9.22337e+18    1520
9.22337e+18    1540
9.22337e+18    1550
9.22337e+18    1570
9.22337e+18    1580
9.22337e+18    1590
9.22337e+18    1600
9.22337e+18    1610
9.22337e+18    1620
9.22337e+18    1630
9.22337e+18    1640
9.22337e+18    1650
9.22337e+18    1660
9.22337e+18    1670
9.22337e+18    1680
9.22337e+18    1690
9.22337e+18    1700
9.22337e+18    1710
9.22337e+18    1720
9.22337e+18    1740
9.22337e+18    1750
9.22337e+18    1760
9.22337e+18    1770
9.22337e+18    1780
9.22337e+18    1790
9.22337e+18    1800
9.22337e+18    1810
9.22337e+18    1820
9.22337e+18    1830
9.22337e+18    1840
9.22337e+18    1850
9.22337e+18    1860
9.22337e+18    1870
9.22337e+18    1880
9.22337e+18    1890
9.22337e+18    1900
9.22337e+18    1910
9.22337e+18    1920
9.22337e+18    1930
9.22337e+18    1940
9.22337e+18    1950
9.22337e+18    1960
9.22337e+18    1970
9.22337e+18    1980
9.22337e+18    1990
9.22337e+18    2000
9.22337e+18    2010
9.22337e+18    2020
9.22337e+18    2030
9.22337e+18    2040
9.22337e+18    2050
9.22337e+18    2060
9.22337e+18    2080
9.22337e+18    2090
9.22337e+18    2100
9.22337e+18    2110
9.22337e+18    2120
9.22337e+18    2130
9.22337e+18    2140
9.22337e+18    2150
9.22337e+18    2160
9.22337e+18    2170
9.22337e+18    2190
9.22337e+18    2200
9.22337e+18    2210
9.22337e+18    2220
9.22337e+18    2230
9.22337e+18    2240
9.22337e+18    2250
9.22337e+18    2260
9.22337e+18    2270
9.22337e+18    2280
9.22337e+18    2290
9.22337e+18    2300
9.22337e+18    2320
9.22337e+18    2330
9.22337e+18    2350
9.22337e+18    2360
9.22337e+18    2370
9.22337e+18    2390
9.22337e+18    2400
9.22337e+18    2410
9.22337e+18    2420
9.22337e+18    2430
9.22337e+18    2440
9.22337e+18    2460
9.22337e+18    2470
9.22337e+18    2490
9.22337e+18    2510
9.22337e+18    2520
9.22337e+18    2530
9.22337e+18    2540
9.22337e+18    2550
9.22337e+18    2560
9.22337e+18    2570
9.22337e+18    2580
9.22337e+18    2610
9.22337e+18    2620
9.22337e+18    2640
9.22337e+18    2650
9.22337e+18    2660
9.22337e+18    2670
9.22337e+18    2680
9.22337e+18    2690
9.22337e+18    2700
9.22337e+18    2710
9.22337e+18    2720
9.22337e+18    2730
9.22337e+18    2740
9.22337e+18    2750
9.22337e+18    2760
9.22337e+18    2770
9.22337e+18    2780
9.22337e+18    2790
9.22337e+18    2800
9.22337e+18    2820
9.22337e+18    2830
9.22337e+18    2840
9.22337e+18    2850
9.22337e+18    2860
9.22337e+18    2870
9.22337e+18    2890
9.22337e+18    2910
9.22337e+18    2920
9.22337e+18    2950
9.22337e+18    2960
9.22337e+18    2970
9.22337e+18    2980
9.22337e+18    2990
9.22337e+18    3030
9.22337e+18    3040
9.22337e+18    3050
9.22337e+18    3060
9.22337e+18    3070
9.22337e+18    3080
9.22337e+18    3090
9.22337e+18    3100
9.22337e+18    3110
9.22337e+18    3120
9.22337e+18    3130
9.22337e+18    3140
9.22337e+18    3150
9.22337e+18    3160
9.22352e+18    3170
9.22337e+18    3180
9.22337e+18    3200
9.22337e+18    3210
9.22337e+18    3220
9.22337e+18    3230
9.22337e+18    3240
9.22337e+18    3250
9.22337e+18    3260
9.22337e+18    3270
9.22337e+18    3280
9.22337e+18    3290
9.22337e+18    3310
9.22337e+18    3340
9.22337e+18    3350
9.22337e+18    3360
9.22337e+18    3370
9.22337e+18    3380
9.22337e+18    3390
9.22337e+18    3400
9.22337e+18    3410
9.22337e+18    3420
9.22337e+18    3450
9.22337e+18    3460
9.22337e+18    3470
9.22337e+18    3480
9.22337e+18    3490
9.22337e+18    3500
9.22337e+18    3510
9.22337e+18    3520
9.22337e+18    3530
9.22337e+18    3540
9.22337e+18    3550
9.22337e+18    3560
9.22337e+18    3580
9.22337e+18    3600
9.22337e+18    3610
9.22337e+18    3630
9.22337e+18    3640
9.22337e+18    3650
9.22337e+18    3660
9.22337e+18    3670
9.22337e+18    3680
9.22337e+18    3690
9.22337e+18    3710
9.22337e+18    3720
9.22337e+18    3740
9.22337e+18    3750
9.22337e+18    3760
9.22337e+18    3770
9.22337e+18    3780
9.22337e+18    3790
9.22337e+18    3800
9.22337e+18    3810
9.22337e+18    3820
9.22352e+18    3830
9.22337e+18    3840
9.22337e+18    3850
9.22337e+18    3860
9.22337e+18    3880
9.22337e+18    3890
9.22337e+18    3900
9.22337e+18    3910
9.22337e+18    3920
9.22337e+18    3930
9.22337e+18    3940
9.22337e+18    3950
9.22337e+18    3960
9.22337e+18    3970
9.22337e+18    3980
9.22337e+18    3990
9.22337e+18    4000
9.22337e+18    4010
9.22337e+18    4030
9.22337e+18    4050
9.22337e+18    4060
9.22337e+18    4070
9.22337e+18    4090
9.22337e+18    4100
9.22337e+18    4120
9.22337e+18    4130
9.22337e+18    4140
9.22337e+18    4150
9.22337e+18    4170
9.22337e+18    4180
9.22337e+18    4190
9.22337e+18    4200
9.22337e+18    4210
9.22337e+18    4220
9.22337e+18    4230
9.22337e+18    4250
9.22337e+18    4260
9.22337e+18    4270
9.22337e+18    4280
9.22337e+18    4290
9.22337e+18    4300
9.22337e+18    4310
9.22337e+18    4320
9.22337e+18    4330
9.22337e+18    4340
9.22337e+18    4350
9.22337e+18    4360
9.22337e+18    4370
9.22337e+18    4380
9.22337e+18    4390
9.22337e+18    4400
9.22337e+18    4410
9.22337e+18    4420
9.22337e+18    4430
9.22337e+18    4440
9.22337e+18    4450
9.22337e+18    4460
9.22337e+18    4480
9.22337e+18    4500
9.22337e+18    4510
9.22337e+18    4520
9.22337e+18    4540
9.22337e+18    4550
9.22337e+18    4560
9.22337e+18    4570
9.22337e+18    4580
9.22337e+18    4590
9.22337e+18    4600
9.22337e+18    4610
9.22337e+18    4620
9.22337e+18    4640
9.22337e+18    4650
9.22337e+18    4660
9.22337e+18    4670
9.22337e+18    4680
9.22337e+18    4690
9.22337e+18    4700
9.22337e+18    4710
9.22337e+18    4720
9.22337e+18    4730
9.22337e+18    4740
9.22337e+18    4750
9.22337e+18    4760
9.22337e+18    4770
9.22337e+18    4780
9.22337e+18    4800
9.22337e+18    4810
9.22337e+18    4820
9.22337e+18    4850
9.22337e+18    4860
9.22337e+18    4870
9.22337e+18    4880
9.22337e+18    4890
9.22337e+18    4900
9.22337e+18    4920
9.22337e+18    4930
9.22337e+18    4940
9.22337e+18    4950
9.22337e+18    4960
9.22337e+18    4970
9.22337e+18    4980
9.22337e+18    4990
9.22337e+18    5010
9.22337e+18    5020
9.22337e+18    5030
9.22337e+18    5040
9.22337e+18    5060
9.22337e+18    5070
9.22337e+18    5090
9.22337e+18    5100
9.22337e+18    5110
9.22337e+18    5120
9.22337e+18    5130
9.22337e+18    5140
9.22337e+18    5150
9.22337e+18    5160
9.22337e+18    5180
9.22337e+18    5200
9.22337e+18    5220
9.22337e+18    5230
9.22337e+18    5240
9.22337e+18    5250
9.22337e+18    5260
9.22337e+18    5270
9.22337e+18    5280
9.22337e+18    5290
9.22337e+18    5300
9.22337e+18    5320
9.22337e+18    5330
9.22337e+18    5360
9.22337e+18    5370
9.22337e+18    5380
9.22337e+18    5390
9.22337e+18    5400
9.22337e+18    5410
9.22337e+18    5420
9.22337e+18    5430
9.22337e+18    5440
9.22337e+18    5450
9.22337e+18    5460
9.22337e+18    5470
9.22337e+18    5480
9.22337e+18    5490
9.22337e+18    5500
9.22337e+18    5510
9.22337e+18    5530
9.22337e+18    5540
9.22337e+18    5550
9.22337e+18    5570
9.22337e+18    5590
9.22337e+18    5600
9.22337e+18    5610
9.22337e+18    5620
9.22337e+18    5630
9.22337e+18    5640
9.22337e+18    5650
9.22337e+18    5660
9.22337e+18    5670
9.22337e+18    5680
9.22337e+18    5690
9.22337e+18    5700
9.22337e+18    5710
9.22337e+18    5720
9.22337e+18    5760
9.22337e+18    5770
9.22337e+18    5780
9.22337e+18    5790
9.22337e+18    5810
9.22337e+18    5820
9.22337e+18    5830
9.22337e+18    5840
9.22337e+18    5860
9.22337e+18    5870
9.22337e+18    5880
9.22337e+18    5890
9.22337e+18    5900
9.22337e+18    5910
9.22337e+18    5920
9.22337e+18    5930
9.22337e+18    5940
9.22337e+18    5950
9.22337e+18    5960
9.22337e+18    5980
9.22337e+18    5990
9.22337e+18    6000
9.22337e+18    6010
9.22337e+18    6020
9.22337e+18    6050
9.22337e+18    6060
9.22337e+18    6070
9.22337e+18    6080
9.22337e+18    6090
9.22337e+18    6100
9.22337e+18    6110
9.22337e+18    6120
9.22337e+18    6140
9.22337e+18    6160
9.22337e+18    6170
9.22337e+18    6180
9.22337e+18    6190
9.22337e+18    6200
9.22337e+18    6210
9.22337e+18    6220
9.22337e+18    6230
9.22337e+18    6240
9.22337e+18    6250
9.22337e+18    6260
9.22337e+18    6270
9.22337e+18    6280
9.22337e+18    6290
9.22337e+18    6300
9.22337e+18    6310
9.22337e+18    6330
9.22337e+18    6340
9.22337e+18    6350
9.22337e+18    6360
9.22337e+18    6370
9.22337e+18    6380
9.22337e+18    6390
9.22337e+18    6400
9.22337e+18    6410
9.22337e+18    6430
9.22337e+18    6440
9.22337e+18    6450
9.22337e+18    6470
9.22337e+18    6480
9.22337e+18    6490
9.22337e+18    6500
9.22337e+18    6520
9.22337e+18    6530
9.22337e+18    6540
9.22337e+18    6580
9.22337e+18    6600
9.22337e+18    6610
9.22337e+18    6620
9.22337e+18    6630
9.22337e+18    6640
9.22337e+18    6650
9.22337e+18    6660
9.22337e+18    6670
9.22337e+18    6680
9.22337e+18    6690
9.22337e+18    6700
9.22337e+18    6710
9.22337e+18    6720
9.22337e+18    6730
9.22337e+18    6740
9.22337e+18    6750
9.22337e+18    6760
9.22337e+18    6770
9.22337e+18    6780
9.22337e+18    6790
9.22337e+18    6800
9.22337e+18    6810
9.22337e+18    6820
9.22337e+18    6830
9.22337e+18    6840
9.22337e+18    6850
9.22337e+18    6870
9.22337e+18    6880
9.22337e+18    6890
9.22337e+18    6900
9.22337e+18    6910
9.22337e+18    6920
9.22337e+18    6950
9.22337e+18    6960
9.22337e+18    6970
9.22337e+18    6980
9.22337e+18    6990
9.22337e+18    7010
9.22337e+18    7030
9.22337e+18    7040
9.22337e+18    7050
9.22337e+18    7060
9.22337e+18    7070
9.22337e+18    7080
9.22337e+18    7090
9.22337e+18    7100
9.22337e+18    7110
9.22337e+18    7120
9.22337e+18    7130
9.22337e+18    7140
9.22337e+18    7160
9.22337e+18    7170
9.22337e+18    7180
9.22337e+18    7190
9.22337e+18    7200
9.22337e+18    7210
9.22337e+18    7220
9.22337e+18    7230
9.22337e+18    7240
9.22337e+18    7250
9.22337e+18    7260
9.22337e+18    7270
9.22337e+18    7280
9.22337e+18    7290
9.22337e+18    7300
9.22337e+18    7310
9.22337e+18    7320
9.22337e+18    7330
9.22337e+18    7340
9.22337e+18    7350
9.22337e+18    7360
9.22337e+18    7390
9.22337e+18    7400
9.22337e+18    7420
9.22337e+18    7430
9.22337e+18    7440
9.22337e+18    7450
9.22337e+18    7460
9.22337e+18    7470
9.22337e+18    7480
9.22337e+18    7510
9.22337e+18    7520
9.22337e+18    7530
9.22337e+18    7550
9.22337e+18    7570
9.22337e+18    7580
9.22337e+18    7600
9.22337e+18    7620
9.22337e+18    7640
9.22337e+18    7650
9.22337e+18    7660
9.22337e+18    7670
9.22337e+18    7680
9.22337e+18    7690
9.22337e+18    7700
9.22337e+18    7710
9.22337e+18    7720
9.22337e+18    7730
9.22337e+18    7740
9.22337e+18    7750
9.22337e+18    7760
9.22337e+18    7780
9.22337e+18    7790
9.22337e+18    7800
9.22337e+18    7810
9.22337e+18    7820
9.22337e+18    7830
9.22337e+18    7840
9.22337e+18    7860
9.22337e+18    7870
9.22337e+18    7890
9.22337e+18    7900
9.22337e+18    7910
9.22337e+18    7930
9.22337e+18    7940
9.22337e+18    7950
9.22337e+18    7960
9.22337e+18    7970
9.22337e+18    7980
9.22337e+18    7990
9.22337e+18    8000
9.22337e+18    8020
9.22337e+18    8030
9.22337e+18    8040
9.22337e+18    8060
9.22337e+18    8080
9.22337e+18    8090
9.22337e+18    8100
9.22337e+18    8110
9.22337e+18    8120
9.22337e+18    8130
9.22337e+18    8140
9.22337e+18    8150
9.22337e+18    8160
9.22337e+18    8170
9.22337e+18    8180
9.22337e+18    8200
9.22337e+18    8210
9.22337e+18    8230
9.22337e+18    8240
9.22337e+18    8250
9.22337e+18    8260
9.22337e+18    8270
9.22337e+18    8280
9.22337e+18    8290
9.22337e+18    8310
9.22337e+18    8330
9.22337e+18    8340
9.22337e+18    8350
9.22337e+18    8360
9.22337e+18    8370
9.22337e+18    8390
9.22337e+18    8400
9.22337e+18    8410
9.22337e+18    8420
9.22337e+18    8430
9.22337e+18    8440
9.22337e+18    8450
9.22337e+18    8470
9.22337e+18    8480
9.22337e+18    8490
9.22337e+18    8500
9.22337e+18    8510
9.22337e+18    8520
9.22337e+18    8530
9.22337e+18    8540
9.22337e+18    8550
9.22337e+18    8560
9.22337e+18    8570
9.22337e+18    8580
9.22337e+18    8590
9.22337e+18    8610
9.22337e+18    8620
9.22337e+18    8630
9.22337e+18    8640
9.22337e+18    8650
9.22337e+18    8660
9.22337e+18    8670
9.22337e+18    8680
9.22337e+18    8690
9.22337e+18    8730
9.22337e+18    8740
9.22337e+18    8750
9.22337e+18    8760
9.22337e+18    8770
9.22337e+18    8780
9.22337e+18    8790
9.22337e+18    8810
9.22337e+18    8830
9.22337e+18    8840
9.22337e+18    8850
9.22337e+18    8860
9.22337e+18    8870
9.22337e+18    8880
9.22337e+18    8900
9.22337e+18    8910
9.22337e+18    8920
9.22337e+18    8930
9.22337e+18    8940
9.22337e+18    8950
9.22337e+18    8960
9.22337e+18    8970
9.22337e+18    8980
9.22337e+18    8990
9.22337e+18    9000
9.22337e+18    9010
9.22337e+18    9020
9.22337e+18    9030
9.22337e+18    9040
9.22337e+18    9050
9.22337e+18    9060
9.22337e+18    9070
9.22337e+18    9080
9.22337e+18    9090
9.22337e+18    9100
9.22337e+18    9110
9.22337e+18    9120
9.22337e+18    9130
9.22337e+18    9140
9.22337e+18    9160
9.22337e+18    9170
9.22337e+18    9180
9.22337e+18    9190
9.22337e+18    9240
9.22337e+18    9250
9.22337e+18    9260
9.22337e+18    9270
9.22337e+18    9280
9.22337e+18    9300
9.22337e+18    9320
9.22337e+18    9340
9.22337e+18    9350
9.22337e+18    9360
9.22337e+18    9370
9.22337e+18    9380
9.22337e+18    9390
9.22337e+18    9400
9.22337e+18    9410
9.22337e+18    9420
9.22337e+18    9430
9.22337e+18    9450
9.22337e+18    9460
9.22337e+18    9470
9.22337e+18    9480
9.22337e+18    9500
9.22337e+18    9510
9.22337e+18    9520
9.22337e+18    9530
9.22337e+18    9540
9.22337e+18    9550
9.22337e+18    9560
9.22337e+18    9570
9.22337e+18    9580
9.22337e+18    9610
9.22337e+18    9620
1.61409e+19    9630
9.22337e+18    9640
9.22337e+18    9670
9.22337e+18    9680
9.22337e+18    9690
9.22337e+18    9700
9.22337e+18    9710
9.22337e+18    9720
9.22337e+18    9730
9.22337e+18    9740
9.22337e+18    9750
9.22337e+18    9760
9.22337e+18    9770
9.22337e+18    9780
9.22337e+18    9790
9.22337e+18    9800
9.22337e+18    9810
9.22337e+18    9820
9.22337e+18    9830
9.22337e+18    9840
9.22337e+18    9860
9.22337e+18    9870
9.22337e+18    9890
9.22337e+18    9900
9.22337e+18    9910
9.22337e+18    9920
9.22337e+18    9930
9.22337e+18    9940
9.22337e+18    9960
9.22337e+18    9970
9.22337e+18    9980
9.22337e+18    10000
9.22337e+18    10010
9.22337e+18    10020
9.22337e+18    10030
9.22337e+18    10040
9.22337e+18    10050
9.22337e+18    10060
9.22337e+18    10070
9.22337e+18    10090
9.22337e+18    10100
9.22337e+18    10110
9.22337e+18    10120
9.22337e+18    10130
9.22337e+18    10140
9.22337e+18    10150
9.22337e+18    10160
9.22337e+18    10170
9.22337e+18    10180
9.22337e+18    10190
9.22337e+18    10200
9.22337e+18    10220
9.22337e+18    10240
9.22337e+18    10250
9.22337e+18    10260
9.22337e+18    10270
9.22337e+18    10280
9.22337e+18    10290
9.22337e+18    10300
9.22337e+18    10310
9.22337e+18    10320
9.22337e+18    10330
9.22337e+18    10340
9.22337e+18    10350
9.22337e+18    10360
9.22337e+18    10370
9.22337e+18    10380
9.22337e+18    10390
9.22337e+18    10400
9.22337e+18    10410
9.22337e+18    10420
9.22337e+18    10430
9.22337e+18    10440
9.22337e+18    10450
9.22337e+18    10460
9.22337e+18    10470
9.22337e+18    10480
9.22337e+18    10490
9.22337e+18    10500
9.22337e+18    10510
9.22337e+18    10520
9.22337e+18    10530
9.22337e+18    10550
9.22337e+18    10570
9.22337e+18    10580
9.22337e+18    10600
9.22337e+18    10610
9.22337e+18    10620
9.22337e+18    10630
9.22337e+18    10640
9.22337e+18    10660
9.22337e+18    10670
9.22337e+18    10680
9.22337e+18    10690
9.22337e+18    10700
9.22337e+18    10710
